Min: 0.00224050924249
Max: 6.33821512516
