Min: 0.00140262849244
Max: 7.67598487427
