Min: 0.000422950082062
Max: 6.72708484641
