Min: 0.00551482529612
Max: 6.99677722734
