Min: 0.00194535354186
Max: 5.61153163768
