Min: 0.000727104356379
Max: 5.87564481242
