Min: 0.00278053248724
Max: 6.82700105992
